Model=19474
X=222.160385
Y=1241.339477
Z=1081.576171
RX=-0.899999
RY=0.000000
RZ=176.999969
vID=6007
Int=2
