Model=9447
X=1678.159179
Y=-1369.019409
Z=4.703896
RX=0.000000
RY=0.000000
RZ=0.000000
vID=0
Int=0
