Model=2116
X=255.731735
Y=1294.033447
Z=1079.257812
RX=0.000000
RY=0.000000
RZ=0.000000
vID=6011
Int=4
