Model=2178
X=256.050048
Y=1292.127075
Z=1079.255493
RX=0.000000
RY=0.000000
RZ=0.000000
vID=6011
Int=4
