Model=2503
X=262.989349
Y=1295.436889
Z=1079.254516
RX=0.000000
RY=0.000000
RZ=0.000000
vID=6011
Int=4
