Model=2386
X=265.461425
Y=1293.196289
Z=1079.657958
RX=0.000000
RY=0.000000
RZ=0.000000
vID=6011
Int=4
