Model=3645
X=266.980834
Y=1292.294067
Z=1080.267578
RX=0.300000
RY=0.399999
RZ=89.799987
vID=6011
Int=4
