Model=12
X=1127.122436
Y=-1610.050048
Z=5.735587
RX=0.000000
RY=0.000000
RZ=0.000000
vID=0
Int=0
