Model=2477
X=222.514556
Y=1243.532714
Z=1081.689453
RX=0.000000
RY=-2.299999
RZ=0.000000
vID=6007
Int=2
