Model=2477
X=222.178939
Y=1239.520141
Z=1081.566528
RX=-2.000001
RY=-3.200002
RZ=175.000045
vID=6007
Int=2
