Model=2477
X=220.642959
Y=1241.404418
Z=1081.726074
RX=-3.099999
RY=1.899999
RZ=83.300003
vID=6007
Int=2
