Model=2472
X=230.598709
Y=1247.476196
Z=1081.039672
RX=0.000000
RY=0.000000
RZ=0.000000
vID=6007
Int=2
