Model=9289
X=224.889236
Y=1246.526000
Z=1081.600585
RX=0.000000
RY=0.000000
RZ=0.000000
vID=6007
Int=2
