Model=9148
X=222.988616
Y=1250.838867
Z=1081.649414
RX=-2.000001
RY=-0.899997
RZ=-177.800033
vID=6007
Int=2
