Model=2477
X=223.687057
Y=1241.846313
Z=1081.468994
RX=0.000000
RY=0.000000
RZ=-83.099983
vID=6007
Int=2
