Model=9449
X=1679.494873
Y=-1383.187622
Z=3.483899
RX=0.000000
RY=0.000000
RZ=0.000000
vID=0
Int=0
