IDObjetoHD=7
HotDogPos0=2558.779052
HotDogPos1=-1892.767089
HotDogPos2=5.639328
HotDogPos3=0.000000
