IDObjetoHD=9
HotDogPos0=2412.552246
HotDogPos1=-853.291442
HotDogPos2=5.860312
HotDogPos3=32.885627
