IDObjetoHD=6
HotDogPos0=2240.108886
HotDogPos1=-2212.957519
HotDogPos2=5.525635
HotDogPos3=238.097473
