IDObjetoHD=8
HotDogPos0=2502.792480
HotDogPos1=-1025.641113
HotDogPos2=4.546623
HotDogPos3=264.326141
