IDObjetoHD=4
HotDogPos0=570.894531
HotDogPos1=-1741.080200
HotDogPos2=9.319911
HotDogPos3=358.271148
