IDObjetoHD=5
HotDogPos0=960.316833
HotDogPos1=-1260.418212
HotDogPos2=5.120432
HotDogPos3=281.148559
