IDObjetoHD=1
HotDogPos0=-481.515930
HotDogPos1=812.733947
HotDogPos2=5.211290
HotDogPos3=176.830764
