IDObjetoHD=3
HotDogPos0=1184.658813
HotDogPos1=190.134567
HotDogPos2=6.868687
HotDogPos3=188.256546
