IDObjetoHD=2
HotDogPos0=2436.432861
HotDogPos1=153.085052
HotDogPos2=1213.675781
HotDogPos3=313.646911
